(kicad_pcb (version 20171130) (host pcbnew 5.0.2-bee76a0~70~ubuntu18.04.1)

  (general
    (thickness 1.6)
    (drawings 23)
    (tracks 167)
    (zones 0)
    (modules 33)
    (nets 56)
  )

  (page A4)
  (layers
    (0 F.Cu signal)
    (31 B.Cu signal)
    (32 B.Adhes user)
    (33 F.Adhes user)
    (34 B.Paste user)
    (35 F.Paste user)
    (36 B.SilkS user)
    (37 F.SilkS user)
    (38 B.Mask user)
    (39 F.Mask user)
    (40 Dwgs.User user)
    (41 Cmts.User user)
    (42 Eco1.User user)
    (43 Eco2.User user)
    (44 Edge.Cuts user)
    (45 Margin user)
    (46 B.CrtYd user)
    (47 F.CrtYd user)
    (48 B.Fab user)
    (49 F.Fab user)
  )

  (setup
    (last_trace_width 1.6)
    (trace_clearance 0.4)
    (zone_clearance 0.508)
    (zone_45_only no)
    (trace_min 0.2)
    (segment_width 0.2)
    (edge_width 0.1)
    (via_size 1.2)
    (via_drill 0.8)
    (via_min_size 0.4)
    (via_min_drill 0.3)
    (uvia_size 0.3)
    (uvia_drill 0.1)
    (uvias_allowed no)
    (uvia_min_size 0.2)
    (uvia_min_drill 0.1)
    (pcb_text_width 0.3)
    (pcb_text_size 1.5 1.5)
    (mod_edge_width 0.15)
    (mod_text_size 1 1)
    (mod_text_width 0.15)
    (pad_size 1.5 1.5)
    (pad_drill 0.6)
    (pad_to_mask_clearance 0)
    (solder_mask_min_width 0.25)
    (aux_axis_origin 0 0)
    (visible_elements 7FFFFFFF)
    (pcbplotparams
      (layerselection 0x010f0_ffffffff)
      (usegerberextensions false)
      (usegerberattributes false)
      (usegerberadvancedattributes false)
      (creategerberjobfile false)
      (excludeedgelayer true)
      (linewidth 0.100000)
      (plotframeref false)
      (viasonmask false)
      (mode 1)
      (useauxorigin false)
      (hpglpennumber 1)
      (hpglpenspeed 20)
      (hpglpendiameter 15.000000)
      (psnegative false)
      (psa4output false)
      (plotreference true)
      (plotvalue true)
      (plotinvisibletext false)
      (padsonsilk false)
      (subtractmaskfromsilk false)
      (outputformat 1)
      (mirror false)
      (drillshape 0)
      (scaleselection 1)
      (outputdirectory "output"))
  )

  (net 0 "")
  (net 1 GND)
  (net 2 +7.5V)
  (net 3 "Net-(C5-Pad1)")
  (net 4 "Net-(D1-Pad1)")
  (net 5 +3V3)
  (net 6 +5V)
  (net 7 "Net-(J1-Pad3)")
  (net 8 "Net-(J1-Pad5)")
  (net 9 "Net-(J1-Pad7)")
  (net 10 /UART_TX_WHT)
  (net 11 /UART_RX_GRN)
  (net 12 /Fan_On)
  (net 13 /PWM0)
  (net 14 /Alarm_PWM)
  (net 15 /Smoke_D)
  (net 16 /Temp_D)
  (net 17 "Net-(J1-Pad17)")
  (net 18 /LEDs)
  (net 19 "Net-(J1-Pad19)")
  (net 20 "Net-(J1-Pad21)")
  (net 21 "Net-(J1-Pad22)")
  (net 22 "Net-(J1-Pad23)")
  (net 23 "Net-(J1-Pad24)")
  (net 24 "Net-(J1-Pad25)")
  (net 25 "Net-(J1-Pad26)")
  (net 26 "Net-(J1-Pad27)")
  (net 27 "Net-(J1-Pad28)")
  (net 28 "Net-(J1-Pad29)")
  (net 29 "Net-(J1-Pad30)")
  (net 30 "Net-(J1-Pad31)")
  (net 31 "Net-(J1-Pad32)")
  (net 32 "Net-(J1-Pad33)")
  (net 33 "Net-(J1-Pad34)")
  (net 34 "Net-(J1-Pad35)")
  (net 35 "Net-(J1-Pad36)")
  (net 36 "Net-(J1-Pad37)")
  (net 37 "Net-(J1-Pad38)")
  (net 38 "Net-(J1-Pad39)")
  (net 39 "Net-(J1-Pad40)")
  (net 40 /Smoke_A)
  (net 41 "Net-(J4-Pad3)")
  (net 42 "Net-(J7-Pad1)")
  (net 43 "Net-(J8-Pad1)")
  (net 44 /HV_PWM)
  (net 45 /HV_FAN)
  (net 46 "Net-(R2-Pad2)")
  (net 47 "Net-(R4-Pad2)")
  (net 48 "Net-(U1-Pad8)")
  (net 49 "Net-(U1-Pad5)")
  (net 50 "Net-(U1-Pad1)")
  (net 51 "Net-(U2-Pad1)")
  (net 52 "Net-(U2-Pad5)")
  (net 53 "Net-(U2-Pad8)")
  (net 54 "Net-(BT1-Pad2)")
  (net 55 "Net-(BT1-Pad1)")

  (net_class Default "This is the default net class."
    (clearance 0.4)
    (trace_width 1.6)
    (via_dia 1.2)
    (via_drill 0.8)
    (uvia_dia 0.3)
    (uvia_drill 0.1)
    (add_net +3V3)
    (add_net +5V)
    (add_net +7.5V)
    (add_net /Alarm_PWM)
    (add_net /Fan_On)
    (add_net /HV_FAN)
    (add_net /HV_PWM)
    (add_net /LEDs)
    (add_net /PWM0)
    (add_net /Smoke_A)
    (add_net /Smoke_D)
    (add_net /Temp_D)
    (add_net /UART_RX_GRN)
    (add_net /UART_TX_WHT)
    (add_net GND)
    (add_net "Net-(BT1-Pad1)")
    (add_net "Net-(BT1-Pad2)")
    (add_net "Net-(C5-Pad1)")
    (add_net "Net-(D1-Pad1)")
    (add_net "Net-(J1-Pad17)")
    (add_net "Net-(J1-Pad19)")
    (add_net "Net-(J1-Pad21)")
    (add_net "Net-(J1-Pad22)")
    (add_net "Net-(J1-Pad23)")
    (add_net "Net-(J1-Pad24)")
    (add_net "Net-(J1-Pad25)")
    (add_net "Net-(J1-Pad26)")
    (add_net "Net-(J1-Pad27)")
    (add_net "Net-(J1-Pad28)")
    (add_net "Net-(J1-Pad29)")
    (add_net "Net-(J1-Pad3)")
    (add_net "Net-(J1-Pad30)")
    (add_net "Net-(J1-Pad31)")
    (add_net "Net-(J1-Pad32)")
    (add_net "Net-(J1-Pad33)")
    (add_net "Net-(J1-Pad34)")
    (add_net "Net-(J1-Pad35)")
    (add_net "Net-(J1-Pad36)")
    (add_net "Net-(J1-Pad37)")
    (add_net "Net-(J1-Pad38)")
    (add_net "Net-(J1-Pad39)")
    (add_net "Net-(J1-Pad40)")
    (add_net "Net-(J1-Pad5)")
    (add_net "Net-(J1-Pad7)")
    (add_net "Net-(J4-Pad3)")
    (add_net "Net-(J7-Pad1)")
    (add_net "Net-(J8-Pad1)")
    (add_net "Net-(R2-Pad2)")
    (add_net "Net-(R4-Pad2)")
    (add_net "Net-(U1-Pad1)")
    (add_net "Net-(U1-Pad5)")
    (add_net "Net-(U1-Pad8)")
    (add_net "Net-(U2-Pad1)")
    (add_net "Net-(U2-Pad5)")
    (add_net "Net-(U2-Pad8)")
  )

  (net_class POWER ""
    (clearance 0.2)
    (trace_width 0.6)
    (via_dia 0.8)
    (via_drill 0.4)
    (uvia_dia 0.3)
    (uvia_drill 0.1)
  )

  (module custom:Keystone_1048_2x18650 (layer F.Cu) (tedit 5D5CDD38) (tstamp 5D68D1A0)
    (at 117.602 99.822)
    (descr "Battery holder for 18650 cylindrical cells http://www.keyelco.com/product.cfm/product_id/920")
    (tags "18650 Keystone 1048 Li-ion")
    (path /5D629C2C)
    (attr smd)
    (fp_text reference BT1 (at 0 -21.0631) (layer F.SilkS)
      (effects (font (size 1 1) (thickness 0.15)))
    )
    (fp_text value Battery_Cell (at 0 21.2) (layer F.Fab)
      (effects (font (size 1 1) (thickness 0.15)))
    )
    (fp_text user %R (at 0 -0.0675) (layer F.Fab)
      (effects (font (size 1 1) (thickness 0.15)))
    )
    (fp_line (start 39.03 13.2431) (end 43.5 13.2431) (layer F.CrtYd) (width 0.05))
    (fp_line (start -38.53 0.7) (end -38.53 19.8931) (layer F.Fab) (width 0.1))
    (fp_line (start -39.03 20.3931) (end -39.03 13.2431) (layer F.CrtYd) (width 0.05))
    (fp_line (start -39.03 20.3931) (end 39.03 20.3931) (layer F.CrtYd) (width 0.05))
    (fp_line (start 39.03 20.3931) (end 39.03 13.2431) (layer F.CrtYd) (width 0.05))
    (fp_line (start -38.64 -0.8769) (end -38.64 6.1231) (layer F.SilkS) (width 0.12))
    (fp_line (start 42.5 5) (end 42.5 2.5) (layer F.SilkS) (width 0.12))
    (fp_line (start -43.75 3.5631) (end -41.25 3.5631) (layer F.SilkS) (width 0.12))
    (fp_line (start 38.64 20.0031) (end -38.64 20.0031) (layer F.SilkS) (width 0.12))
    (fp_line (start 43.5 5.8831) (end 39.03 5.8831) (layer F.CrtYd) (width 0.05))
    (fp_line (start -38.64 6.1231) (end -43 6.1231) (layer F.SilkS) (width 0.12))
    (fp_line (start 38.64 13.0031) (end 38.64 20.0031) (layer F.SilkS) (width 0.12))
    (fp_line (start -43.5 5.8831) (end -39.03 5.8831) (layer F.CrtYd) (width 0.05))
    (fp_line (start -43.5 13.2431) (end -43.5 5.8831) (layer F.CrtYd) (width 0.05))
    (fp_line (start -39.03 13.2431) (end -43.5 13.2431) (layer F.CrtYd) (width 0.05))
    (fp_line (start 39.03 -1.2669) (end 39.03 5.8831) (layer F.CrtYd) (width 0.05))
    (fp_line (start -39.03 -1.2669) (end -39.03 5.8831) (layer F.CrtYd) (width 0.05))
    (fp_line (start -38.64 20.0031) (end -38.64 13.0031) (layer F.SilkS) (width 0.12))
    (fp_line (start 43.5 13.2431) (end 43.5 5.8831) (layer F.CrtYd) (width 0.05))
    (fp_line (start 38.64 6.1231) (end 38.64 -0.8569) (layer F.SilkS) (width 0.12))
    (fp_line (start -38.53 19.8931) (end 38.53 19.8931) (layer F.Fab) (width 0.1))
    (fp_line (start 43.75 3.5631) (end 41.25 3.5631) (layer F.SilkS) (width 0.12))
    (fp_line (start 38.53 -0.7669) (end 38.53 19.8931) (layer F.Fab) (width 0.1))
    (fp_line (start -33.3675 -19.8931) (end -38.53 -14.7306) (layer F.Fab) (width 0.1))
    (fp_line (start -38.64 -13.0031) (end -43 -13.0031) (layer F.SilkS) (width 0.12))
    (fp_line (start 43.5 -5.8831) (end 43.5 -13.2431) (layer F.CrtYd) (width 0.05))
    (fp_line (start 39.03 1.2669) (end 39.03 -5.8831) (layer F.CrtYd) (width 0.05))
    (fp_line (start -38.64 0.8769) (end -38.64 -6.1231) (layer F.SilkS) (width 0.12))
    (fp_line (start 38.64 -6.1231) (end 38.64 0.8769) (layer F.SilkS) (width 0.12))
    (fp_line (start -38.64 -20.0031) (end -38.64 -13.0031) (layer F.SilkS) (width 0.12))
    (fp_line (start 38.64 -20.0031) (end -38.64 -20.0031) (layer F.SilkS) (width 0.12))
    (fp_line (start 38.64 -13.0031) (end 38.64 -19.9831) (layer F.SilkS) (width 0.12))
    (fp_line (start -38.53 -14.7306) (end -38.53 0.7669) (layer F.Fab) (width 0.1))
    (fp_line (start 43.75 -15.5631) (end 41.25 -15.5631) (layer F.SilkS) (width 0.12))
    (fp_line (start -33.3675 -19.8931) (end 38.53 -19.8931) (layer F.Fab) (width 0.1))
    (fp_line (start 38.53 -19.8931) (end 38.53 0.7669) (layer F.Fab) (width 0.1))
    (fp_line (start -39.03 -20.3931) (end 39.03 -20.3931) (layer F.CrtYd) (width 0.05))
    (fp_line (start 39.03 -20.3931) (end 39.03 -13.2431) (layer F.CrtYd) (width 0.05))
    (fp_line (start -39.03 1.2669) (end -39.03 -5.8831) (layer F.CrtYd) (width 0.05))
    (fp_line (start -39.03 -20.3931) (end -39.03 -13.2431) (layer F.CrtYd) (width 0.05))
    (fp_line (start 39.03 -5.8831) (end 43.5 -5.8831) (layer F.CrtYd) (width 0.05))
    (fp_line (start 43.5 -13.2431) (end 39.03 -13.2431) (layer F.CrtYd) (width 0.05))
    (fp_line (start -43.5 -13.2431) (end -39.03 -13.2431) (layer F.CrtYd) (width 0.05))
    (fp_line (start -43.5 -5.8831) (end -43.5 -13.2431) (layer F.CrtYd) (width 0.05))
    (fp_line (start -39.03 -5.8831) (end -43.5 -5.8831) (layer F.CrtYd) (width 0.05))
    (fp_line (start -43.75 -15.5631) (end -41.25 -15.5631) (layer F.SilkS) (width 0.12))
    (fp_line (start -42.5 -14.3131) (end -42.5 -16.8131) (layer F.SilkS) (width 0.12))
    (pad 4 smd rect (at 39.33 9.5631) (size 7.34 6.35) (layers F.Cu F.Paste F.Mask)
      (net 54 "Net-(BT1-Pad2)"))
    (pad 3 smd rect (at -39.33 9.5631) (size 7.34 6.35) (layers F.Cu F.Paste F.Mask)
      (net 1 GND))
    (pad "" np_thru_hole circle (at -27.6 17.5631) (size 3.45 3.45) (drill 3.45) (layers *.Cu *.Mask))
    (pad 1 smd rect (at -39.33 -9.5631) (size 7.34 6.35) (layers F.Cu F.Paste F.Mask)
      (net 55 "Net-(BT1-Pad1)"))
    (pad 2 smd rect (at 39.33 -9.5631) (size 7.34 6.35) (layers F.Cu F.Paste F.Mask)
      (net 54 "Net-(BT1-Pad2)"))
    (pad "" np_thru_hole circle (at 27.6 -17.5631) (size 3.45 3.45) (drill 3.45) (layers *.Cu *.Mask))
    (pad "" np_thru_hole circle (at -35.93 -17.5631) (size 2.39 2.39) (drill 2.39) (layers *.Cu *.Mask))
    (model ${KISYS3DMOD}/Battery_Holders.3dshapes/Keystone_1042_1x18650.wrl
      (at (xyz 0 0 0))
      (scale (xyz 1 1 1))
      (rotate (xyz 0 0 0))
    )
  )

  (module Capacitor_SMD:C_0805_2012Metric_Pad1.15x1.40mm_HandSolder (layer F.Cu) (tedit 5B36C52B) (tstamp 5D73031B)
    (at 109.2454 138.1088 90)
    (descr "Capacitor SMD 0805 (2012 Metric), square (rectangular) end terminal, IPC_7351 nominal with elongated pad for handsoldering. (Body size source: https://docs.google.com/spreadsheets/d/1BsfQQcO9C6DZCsRaXUlFlo91Tg2WpOkGARC1WS5S8t0/edit?usp=sharing), generated with kicad-footprint-generator")
    (tags "capacitor handsolder")
    (path /5D5C6267)
    (attr smd)
    (fp_text reference C1 (at 0 -1.65 90) (layer F.SilkS)
      (effects (font (size 1 1) (thickness 0.15)))
    )
    (fp_text value 47u (at 0 1.65 90) (layer F.Fab)
      (effects (font (size 1 1) (thickness 0.15)))
    )
    (fp_text user %R (at 0 0 90) (layer F.Fab)
      (effects (font (size 0.5 0.5) (thickness 0.08)))
    )
    (fp_line (start 1.85 0.95) (end -1.85 0.95) (layer F.CrtYd) (width 0.05))
    (fp_line (start 1.85 -0.95) (end 1.85 0.95) (layer F.CrtYd) (width 0.05))
    (fp_line (start -1.85 -0.95) (end 1.85 -0.95) (layer F.CrtYd) (width 0.05))
    (fp_line (start -1.85 0.95) (end -1.85 -0.95) (layer F.CrtYd) (width 0.05))
    (fp_line (start -0.261252 0.71) (end 0.261252 0.71) (layer F.SilkS) (width 0.12))
    (fp_line (start -0.261252 -0.71) (end 0.261252 -0.71) (layer F.SilkS) (width 0.12))
    (fp_line (start 1 0.6) (end -1 0.6) (layer F.Fab) (width 0.1))
    (fp_line (start 1 -0.6) (end 1 0.6) (layer F.Fab) (width 0.1))
    (fp_line (start -1 -0.6) (end 1 -0.6) (layer F.Fab) (width 0.1))
    (fp_line (start -1 0.6) (end -1 -0.6) (layer F.Fab) (width 0.1))
    (pad 2 smd roundrect (at 1.025 0 90) (size 1.15 1.4) (layers F.Cu F.Paste F.Mask) (roundrect_rratio 0.217391)
      (net 1 GND))
    (pad 1 smd roundrect (at -1.025 0 90) (size 1.15 1.4) (layers F.Cu F.Paste F.Mask) (roundrect_rratio 0.217391)
      (net 2 +7.5V))
    (model ${KISYS3DMOD}/Capacitor_SMD.3dshapes/C_0805_2012Metric.wrl
      (at (xyz 0 0 0))
      (scale (xyz 1 1 1))
      (rotate (xyz 0 0 0))
    )
  )

  (module Capacitor_SMD:C_0805_2012Metric_Pad1.15x1.40mm_HandSolder (layer F.Cu) (tedit 5B36C52B) (tstamp 5D73054F)
    (at 111.4044 138.0998 90)
    (descr "Capacitor SMD 0805 (2012 Metric), square (rectangular) end terminal, IPC_7351 nominal with elongated pad for handsoldering. (Body size source: https://docs.google.com/spreadsheets/d/1BsfQQcO9C6DZCsRaXUlFlo91Tg2WpOkGARC1WS5S8t0/edit?usp=sharing), generated with kicad-footprint-generator")
    (tags "capacitor handsolder")
    (path /5D5C61C8)
    (attr smd)
    (fp_text reference C2 (at 0 -1.65 90) (layer F.SilkS)
      (effects (font (size 1 1) (thickness 0.15)))
    )
    (fp_text value 47u (at 0 1.65 90) (layer F.Fab)
      (effects (font (size 1 1) (thickness 0.15)))
    )
    (fp_line (start -1 0.6) (end -1 -0.6) (layer F.Fab) (width 0.1))
    (fp_line (start -1 -0.6) (end 1 -0.6) (layer F.Fab) (width 0.1))
    (fp_line (start 1 -0.6) (end 1 0.6) (layer F.Fab) (width 0.1))
    (fp_line (start 1 0.6) (end -1 0.6) (layer F.Fab) (width 0.1))
    (fp_line (start -0.261252 -0.71) (end 0.261252 -0.71) (layer F.SilkS) (width 0.12))
    (fp_line (start -0.261252 0.71) (end 0.261252 0.71) (layer F.SilkS) (width 0.12))
    (fp_line (start -1.85 0.95) (end -1.85 -0.95) (layer F.CrtYd) (width 0.05))
    (fp_line (start -1.85 -0.95) (end 1.85 -0.95) (layer F.CrtYd) (width 0.05))
    (fp_line (start 1.85 -0.95) (end 1.85 0.95) (layer F.CrtYd) (width 0.05))
    (fp_line (start 1.85 0.95) (end -1.85 0.95) (layer F.CrtYd) (width 0.05))
    (fp_text user %R (at 0 0 90) (layer F.Fab)
      (effects (font (size 0.5 0.5) (thickness 0.08)))
    )
    (pad 1 smd roundrect (at -1.025 0 90) (size 1.15 1.4) (layers F.Cu F.Paste F.Mask) (roundrect_rratio 0.217391)
      (net 2 +7.5V))
    (pad 2 smd roundrect (at 1.025 0 90) (size 1.15 1.4) (layers F.Cu F.Paste F.Mask) (roundrect_rratio 0.217391)
      (net 1 GND))
    (model ${KISYS3DMOD}/Capacitor_SMD.3dshapes/C_0805_2012Metric.wrl
      (at (xyz 0 0 0))
      (scale (xyz 1 1 1))
      (rotate (xyz 0 0 0))
    )
  )

  (module Capacitor_SMD:C_0805_2012Metric_Pad1.15x1.40mm_HandSolder (layer F.Cu) (tedit 5B36C52B) (tstamp 5D73057F)
    (at 113.538 138.1088 90)
    (descr "Capacitor SMD 0805 (2012 Metric), square (rectangular) end terminal, IPC_7351 nominal with elongated pad for handsoldering. (Body size source: https://docs.google.com/spreadsheets/d/1BsfQQcO9C6DZCsRaXUlFlo91Tg2WpOkGARC1WS5S8t0/edit?usp=sharing), generated with kicad-footprint-generator")
    (tags "capacitor handsolder")
    (path /5D5C6140)
    (attr smd)
    (fp_text reference C3 (at 0 -1.65 90) (layer F.SilkS)
      (effects (font (size 1 1) (thickness 0.15)))
    )
    (fp_text value 10u (at 0 1.65 90) (layer F.Fab)
      (effects (font (size 1 1) (thickness 0.15)))
    )
    (fp_text user %R (at 0 0 90) (layer F.Fab)
      (effects (font (size 0.5 0.5) (thickness 0.08)))
    )
    (fp_line (start 1.85 0.95) (end -1.85 0.95) (layer F.CrtYd) (width 0.05))
    (fp_line (start 1.85 -0.95) (end 1.85 0.95) (layer F.CrtYd) (width 0.05))
    (fp_line (start -1.85 -0.95) (end 1.85 -0.95) (layer F.CrtYd) (width 0.05))
    (fp_line (start -1.85 0.95) (end -1.85 -0.95) (layer F.CrtYd) (width 0.05))
    (fp_line (start -0.261252 0.71) (end 0.261252 0.71) (layer F.SilkS) (width 0.12))
    (fp_line (start -0.261252 -0.71) (end 0.261252 -0.71) (layer F.SilkS) (width 0.12))
    (fp_line (start 1 0.6) (end -1 0.6) (layer F.Fab) (width 0.1))
    (fp_line (start 1 -0.6) (end 1 0.6) (layer F.Fab) (width 0.1))
    (fp_line (start -1 -0.6) (end 1 -0.6) (layer F.Fab) (width 0.1))
    (fp_line (start -1 0.6) (end -1 -0.6) (layer F.Fab) (width 0.1))
    (pad 2 smd roundrect (at 1.025 0 90) (size 1.15 1.4) (layers F.Cu F.Paste F.Mask) (roundrect_rratio 0.217391)
      (net 1 GND))
    (pad 1 smd roundrect (at -1.025 0 90) (size 1.15 1.4) (layers F.Cu F.Paste F.Mask) (roundrect_rratio 0.217391)
      (net 2 +7.5V))
    (model ${KISYS3DMOD}/Capacitor_SMD.3dshapes/C_0805_2012Metric.wrl
      (at (xyz 0 0 0))
      (scale (xyz 1 1 1))
      (rotate (xyz 0 0 0))
    )
  )

  (module Capacitor_SMD:C_0805_2012Metric_Pad1.15x1.40mm_HandSolder (layer F.Cu) (tedit 5B36C52B) (tstamp 5D730351)
    (at 115.6716 138.0834 90)
    (descr "Capacitor SMD 0805 (2012 Metric), square (rectangular) end terminal, IPC_7351 nominal with elongated pad for handsoldering. (Body size source: https://docs.google.com/spreadsheets/d/1BsfQQcO9C6DZCsRaXUlFlo91Tg2WpOkGARC1WS5S8t0/edit?usp=sharing), generated with kicad-footprint-generator")
    (tags "capacitor handsolder")
    (path /5D5C609F)
    (attr smd)
    (fp_text reference C4 (at 0 -1.65 90) (layer F.SilkS)
      (effects (font (size 1 1) (thickness 0.15)))
    )
    (fp_text value 10u (at 0 1.65 90) (layer F.Fab)
      (effects (font (size 1 1) (thickness 0.15)))
    )
    (fp_line (start -1 0.6) (end -1 -0.6) (layer F.Fab) (width 0.1))
    (fp_line (start -1 -0.6) (end 1 -0.6) (layer F.Fab) (width 0.1))
    (fp_line (start 1 -0.6) (end 1 0.6) (layer F.Fab) (width 0.1))
    (fp_line (start 1 0.6) (end -1 0.6) (layer F.Fab) (width 0.1))
    (fp_line (start -0.261252 -0.71) (end 0.261252 -0.71) (layer F.SilkS) (width 0.12))
    (fp_line (start -0.261252 0.71) (end 0.261252 0.71) (layer F.SilkS) (width 0.12))
    (fp_line (start -1.85 0.95) (end -1.85 -0.95) (layer F.CrtYd) (width 0.05))
    (fp_line (start -1.85 -0.95) (end 1.85 -0.95) (layer F.CrtYd) (width 0.05))
    (fp_line (start 1.85 -0.95) (end 1.85 0.95) (layer F.CrtYd) (width 0.05))
    (fp_line (start 1.85 0.95) (end -1.85 0.95) (layer F.CrtYd) (width 0.05))
    (fp_text user %R (at 0 0 90) (layer F.Fab)
      (effects (font (size 0.5 0.5) (thickness 0.08)))
    )
    (pad 1 smd roundrect (at -1.025 0 90) (size 1.15 1.4) (layers F.Cu F.Paste F.Mask) (roundrect_rratio 0.217391)
      (net 2 +7.5V))
    (pad 2 smd roundrect (at 1.025 0 90) (size 1.15 1.4) (layers F.Cu F.Paste F.Mask) (roundrect_rratio 0.217391)
      (net 1 GND))
    (model ${KISYS3DMOD}/Capacitor_SMD.3dshapes/C_0805_2012Metric.wrl
      (at (xyz 0 0 0))
      (scale (xyz 1 1 1))
      (rotate (xyz 0 0 0))
    )
  )

  (module Capacitor_SMD:C_0805_2012Metric_Pad1.15x1.40mm_HandSolder (layer F.Cu) (tedit 5B36C52B) (tstamp 5D730477)
    (at 129.286 125.2892 90)
    (descr "Capacitor SMD 0805 (2012 Metric), square (rectangular) end terminal, IPC_7351 nominal with elongated pad for handsoldering. (Body size source: https://docs.google.com/spreadsheets/d/1BsfQQcO9C6DZCsRaXUlFlo91Tg2WpOkGARC1WS5S8t0/edit?usp=sharing), generated with kicad-footprint-generator")
    (tags "capacitor handsolder")
    (path /5D5C824C)
    (attr smd)
    (fp_text reference C5 (at 0 -1.65 90) (layer F.SilkS)
      (effects (font (size 1 1) (thickness 0.15)))
    )
    (fp_text value 10u (at 0 1.65 90) (layer F.Fab)
      (effects (font (size 1 1) (thickness 0.15)))
    )
    (fp_line (start -1 0.6) (end -1 -0.6) (layer F.Fab) (width 0.1))
    (fp_line (start -1 -0.6) (end 1 -0.6) (layer F.Fab) (width 0.1))
    (fp_line (start 1 -0.6) (end 1 0.6) (layer F.Fab) (width 0.1))
    (fp_line (start 1 0.6) (end -1 0.6) (layer F.Fab) (width 0.1))
    (fp_line (start -0.261252 -0.71) (end 0.261252 -0.71) (layer F.SilkS) (width 0.12))
    (fp_line (start -0.261252 0.71) (end 0.261252 0.71) (layer F.SilkS) (width 0.12))
    (fp_line (start -1.85 0.95) (end -1.85 -0.95) (layer F.CrtYd) (width 0.05))
    (fp_line (start -1.85 -0.95) (end 1.85 -0.95) (layer F.CrtYd) (width 0.05))
    (fp_line (start 1.85 -0.95) (end 1.85 0.95) (layer F.CrtYd) (width 0.05))
    (fp_line (start 1.85 0.95) (end -1.85 0.95) (layer F.CrtYd) (width 0.05))
    (fp_text user %R (at 0 0 90) (layer F.Fab)
      (effects (font (size 0.5 0.5) (thickness 0.08)))
    )
    (pad 1 smd roundrect (at -1.025 0 90) (size 1.15 1.4) (layers F.Cu F.Paste F.Mask) (roundrect_rratio 0.217391)
      (net 3 "Net-(C5-Pad1)"))
    (pad 2 smd roundrect (at 1.025 0 90) (size 1.15 1.4) (layers F.Cu F.Paste F.Mask) (roundrect_rratio 0.217391)
      (net 1 GND))
    (model ${KISYS3DMOD}/Capacitor_SMD.3dshapes/C_0805_2012Metric.wrl
      (at (xyz 0 0 0))
      (scale (xyz 1 1 1))
      (rotate (xyz 0 0 0))
    )
  )

  (module Capacitor_SMD:C_0805_2012Metric_Pad1.15x1.40mm_HandSolder (layer F.Cu) (tedit 5B36C52B) (tstamp 5D730210)
    (at 131.6736 125.2892 90)
    (descr "Capacitor SMD 0805 (2012 Metric), square (rectangular) end terminal, IPC_7351 nominal with elongated pad for handsoldering. (Body size source: https://docs.google.com/spreadsheets/d/1BsfQQcO9C6DZCsRaXUlFlo91Tg2WpOkGARC1WS5S8t0/edit?usp=sharing), generated with kicad-footprint-generator")
    (tags "capacitor handsolder")
    (path /5D5C829C)
    (attr smd)
    (fp_text reference C6 (at 0 -1.65 90) (layer F.SilkS)
      (effects (font (size 1 1) (thickness 0.15)))
    )
    (fp_text value 10u (at 0 1.65 90) (layer F.Fab)
      (effects (font (size 1 1) (thickness 0.15)))
    )
    (fp_text user %R (at 0 0 90) (layer F.Fab)
      (effects (font (size 0.5 0.5) (thickness 0.08)))
    )
    (fp_line (start 1.85 0.95) (end -1.85 0.95) (layer F.CrtYd) (width 0.05))
    (fp_line (start 1.85 -0.95) (end 1.85 0.95) (layer F.CrtYd) (width 0.05))
    (fp_line (start -1.85 -0.95) (end 1.85 -0.95) (layer F.CrtYd) (width 0.05))
    (fp_line (start -1.85 0.95) (end -1.85 -0.95) (layer F.CrtYd) (width 0.05))
    (fp_line (start -0.261252 0.71) (end 0.261252 0.71) (layer F.SilkS) (width 0.12))
    (fp_line (start -0.261252 -0.71) (end 0.261252 -0.71) (layer F.SilkS) (width 0.12))
    (fp_line (start 1 0.6) (end -1 0.6) (layer F.Fab) (width 0.1))
    (fp_line (start 1 -0.6) (end 1 0.6) (layer F.Fab) (width 0.1))
    (fp_line (start -1 -0.6) (end 1 -0.6) (layer F.Fab) (width 0.1))
    (fp_line (start -1 0.6) (end -1 -0.6) (layer F.Fab) (width 0.1))
    (pad 2 smd roundrect (at 1.025 0 90) (size 1.15 1.4) (layers F.Cu F.Paste F.Mask) (roundrect_rratio 0.217391)
      (net 1 GND))
    (pad 1 smd roundrect (at -1.025 0 90) (size 1.15 1.4) (layers F.Cu F.Paste F.Mask) (roundrect_rratio 0.217391)
      (net 3 "Net-(C5-Pad1)"))
    (model ${KISYS3DMOD}/Capacitor_SMD.3dshapes/C_0805_2012Metric.wrl
      (at (xyz 0 0 0))
      (scale (xyz 1 1 1))
      (rotate (xyz 0 0 0))
    )
  )

  (module Capacitor_SMD:C_0805_2012Metric_Pad1.15x1.40mm_HandSolder (layer F.Cu) (tedit 5B36C52B) (tstamp 5D730675)
    (at 134.0612 125.3072 90)
    (descr "Capacitor SMD 0805 (2012 Metric), square (rectangular) end terminal, IPC_7351 nominal with elongated pad for handsoldering. (Body size source: https://docs.google.com/spreadsheets/d/1BsfQQcO9C6DZCsRaXUlFlo91Tg2WpOkGARC1WS5S8t0/edit?usp=sharing), generated with kicad-footprint-generator")
    (tags "capacitor handsolder")
    (path /5D5C82D4)
    (attr smd)
    (fp_text reference C7 (at 0 -1.65 90) (layer F.SilkS)
      (effects (font (size 1 1) (thickness 0.15)))
    )
    (fp_text value 10u (at 0 1.65 90) (layer F.Fab)
      (effects (font (size 1 1) (thickness 0.15)))
    )
    (fp_line (start -1 0.6) (end -1 -0.6) (layer F.Fab) (width 0.1))
    (fp_line (start -1 -0.6) (end 1 -0.6) (layer F.Fab) (width 0.1))
    (fp_line (start 1 -0.6) (end 1 0.6) (layer F.Fab) (width 0.1))
    (fp_line (start 1 0.6) (end -1 0.6) (layer F.Fab) (width 0.1))
    (fp_line (start -0.261252 -0.71) (end 0.261252 -0.71) (layer F.SilkS) (width 0.12))
    (fp_line (start -0.261252 0.71) (end 0.261252 0.71) (layer F.SilkS) (width 0.12))
    (fp_line (start -1.85 0.95) (end -1.85 -0.95) (layer F.CrtYd) (width 0.05))
    (fp_line (start -1.85 -0.95) (end 1.85 -0.95) (layer F.CrtYd) (width 0.05))
    (fp_line (start 1.85 -0.95) (end 1.85 0.95) (layer F.CrtYd) (width 0.05))
    (fp_line (start 1.85 0.95) (end -1.85 0.95) (layer F.CrtYd) (width 0.05))
    (fp_text user %R (at 0 0 90) (layer F.Fab)
      (effects (font (size 0.5 0.5) (thickness 0.08)))
    )
    (pad 1 smd roundrect (at -1.025 0 90) (size 1.15 1.4) (layers F.Cu F.Paste F.Mask) (roundrect_rratio 0.217391)
      (net 3 "Net-(C5-Pad1)"))
    (pad 2 smd roundrect (at 1.025 0 90) (size 1.15 1.4) (layers F.Cu F.Paste F.Mask) (roundrect_rratio 0.217391)
      (net 1 GND))
    (model ${KISYS3DMOD}/Capacitor_SMD.3dshapes/C_0805_2012Metric.wrl
      (at (xyz 0 0 0))
      (scale (xyz 1 1 1))
      (rotate (xyz 0 0 0))
    )
  )

  (module Diode_THT:D_DO-41_SOD81_P7.62mm_Horizontal (layer F.Cu) (tedit 5AE50CD5) (tstamp 5D73016D)
    (at 109.0676 130.81 90)
    (descr "Diode, DO-41_SOD81 series, Axial, Horizontal, pin pitch=7.62mm, , length*diameter=5.2*2.7mm^2, , http://www.diodes.com/_files/packages/DO-41%20(Plastic).pdf")
    (tags "Diode DO-41_SOD81 series Axial Horizontal pin pitch 7.62mm  length 5.2mm diameter 2.7mm")
    (path /5D5C77C9)
    (fp_text reference D1 (at 3.81 -2.47 90) (layer F.SilkS)
      (effects (font (size 1 1) (thickness 0.15)))
    )
    (fp_text value D (at 3.81 2.47 90) (layer F.Fab)
      (effects (font (size 1 1) (thickness 0.15)))
    )
    (fp_line (start 1.21 -1.35) (end 1.21 1.35) (layer F.Fab) (width 0.1))
    (fp_line (start 1.21 1.35) (end 6.41 1.35) (layer F.Fab) (width 0.1))
    (fp_line (start 6.41 1.35) (end 6.41 -1.35) (layer F.Fab) (width 0.1))
    (fp_line (start 6.41 -1.35) (end 1.21 -1.35) (layer F.Fab) (width 0.1))
    (fp_line (start 0 0) (end 1.21 0) (layer F.Fab) (width 0.1))
    (fp_line (start 7.62 0) (end 6.41 0) (layer F.Fab) (width 0.1))
    (fp_line (start 1.99 -1.35) (end 1.99 1.35) (layer F.Fab) (width 0.1))
    (fp_line (start 2.09 -1.35) (end 2.09 1.35) (layer F.Fab) (width 0.1))
    (fp_line (start 1.89 -1.35) (end 1.89 1.35) (layer F.Fab) (width 0.1))
    (fp_line (start 1.09 -1.34) (end 1.09 -1.47) (layer F.SilkS) (width 0.12))
    (fp_line (start 1.09 -1.47) (end 6.53 -1.47) (layer F.SilkS) (width 0.12))
    (fp_line (start 6.53 -1.47) (end 6.53 -1.34) (layer F.SilkS) (width 0.12))
    (fp_line (start 1.09 1.34) (end 1.09 1.47) (layer F.SilkS) (width 0.12))
    (fp_line (start 1.09 1.47) (end 6.53 1.47) (layer F.SilkS) (width 0.12))
    (fp_line (start 6.53 1.47) (end 6.53 1.34) (layer F.SilkS) (width 0.12))
    (fp_line (start 1.99 -1.47) (end 1.99 1.47) (layer F.SilkS) (width 0.12))
    (fp_line (start 2.11 -1.47) (end 2.11 1.47) (layer F.SilkS) (width 0.12))
    (fp_line (start 1.87 -1.47) (end 1.87 1.47) (layer F.SilkS) (width 0.12))
    (fp_line (start -1.35 -1.6) (end -1.35 1.6) (layer F.CrtYd) (width 0.05))
    (fp_line (start -1.35 1.6) (end 8.97 1.6) (layer F.CrtYd) (width 0.05))
    (fp_line (start 8.97 1.6) (end 8.97 -1.6) (layer F.CrtYd) (width 0.05))
    (fp_line (start 8.97 -1.6) (end -1.35 -1.6) (layer F.CrtYd) (width 0.05))
    (fp_text user %R (at 4.2 0 90) (layer F.Fab)
      (effects (font (size 1 1) (thickness 0.15)))
    )
    (fp_text user K (at 0 -2.1 90) (layer F.Fab)
      (effects (font (size 1 1) (thickness 0.15)))
    )
    (fp_text user K (at 0 -2.1 90) (layer F.SilkS)
      (effects (font (size 1 1) (thickness 0.15)))
    )
    (pad 1 thru_hole rect (at 0 0 90) (size 2.2 2.2) (drill 1.1) (layers *.Cu *.Mask)
      (net 4 "Net-(D1-Pad1)"))
    (pad 2 thru_hole oval (at 7.62 0 90) (size 2.2 2.2) (drill 1.1) (layers *.Cu *.Mask)
      (net 1 GND))
    (model ${KISYS3DMOD}/Diode_THT.3dshapes/D_DO-41_SOD81_P7.62mm_Horizontal.wrl
      (at (xyz 0 0 0))
      (scale (xyz 1 1 1))
      (rotate (xyz 0 0 0))
    )
  )

  (module Connector_PinHeader_2.54mm:PinHeader_2x20_P2.54mm_Vertical (layer F.Cu) (tedit 59FED5CC) (tstamp 5D68DE41)
    (at 108.0516 76.454 90)
    (descr "Through hole straight pin header, 2x20, 2.54mm pitch, double rows")
    (tags "Through hole pin header THT 2x20 2.54mm double row")
    (path /5D5C4EFE)
    (fp_text reference J1 (at 1.27 -2.33 90) (layer F.SilkS)
      (effects (font (size 1 1) (thickness 0.15)))
    )
    (fp_text value RPi_Header (at 1.27 50.59 90) (layer F.Fab)
      (effects (font (size 1 1) (thickness 0.15)))
    )
    (fp_line (start 0 -1.27) (end 3.81 -1.27) (layer F.Fab) (width 0.1))
    (fp_line (start 3.81 -1.27) (end 3.81 49.53) (layer F.Fab) (width 0.1))
    (fp_line (start 3.81 49.53) (end -1.27 49.53) (layer F.Fab) (width 0.1))
    (fp_line (start -1.27 49.53) (end -1.27 0) (layer F.Fab) (width 0.1))
    (fp_line (start -1.27 0) (end 0 -1.27) (layer F.Fab) (width 0.1))
    (fp_line (start -1.33 49.59) (end 3.87 49.59) (layer F.SilkS) (width 0.12))
    (fp_line (start -1.33 1.27) (end -1.33 49.59) (layer F.SilkS) (width 0.12))
    (fp_line (start 3.87 -1.33) (end 3.87 49.59) (layer F.SilkS) (width 0.12))
    (fp_line (start -1.33 1.27) (end 1.27 1.27) (layer F.SilkS) (width 0.12))
    (fp_line (start 1.27 1.27) (end 1.27 -1.33) (layer F.SilkS) (width 0.12))
    (fp_line (start 1.27 -1.33) (end 3.87 -1.33) (layer F.SilkS) (width 0.12))
    (fp_line (start -1.33 0) (end -1.33 -1.33) (layer F.SilkS) (width 0.12))
    (fp_line (start -1.33 -1.33) (end 0 -1.33) (layer F.SilkS) (width 0.12))
    (fp_line (start -1.8 -1.8) (end -1.8 50.05) (layer F.CrtYd) (width 0.05))
    (fp_line (start -1.8 50.05) (end 4.35 50.05) (layer F.CrtYd) (width 0.05))
    (fp_line (start 4.35 50.05) (end 4.35 -1.8) (layer F.CrtYd) (width 0.05))
    (fp_line (start 4.35 -1.8) (end -1.8 -1.8) (layer F.CrtYd) (width 0.05))
    (fp_text user %R (at 1.27 24.13 180) (layer F.Fab)
      (effects (font (size 1 1) (thickness 0.15)))
    )
    (pad 1 thru_hole rect (at 0 0 90) (size 1.7 1.7) (drill 1) (layers *.Cu *.Mask)
      (net 5 +3V3))
    (pad 2 thru_hole oval (at 2.54 0 90) (size 1.7 1.7) (drill 1) (layers *.Cu *.Mask)
      (net 6 +5V))
    (pad 3 thru_hole oval (at 0 2.54 90) (size 1.7 1.7) (drill 1) (layers *.Cu *.Mask)
      (net 7 "Net-(J1-Pad3)"))
    (pad 4 thru_hole oval (at 2.54 2.54 90) (size 1.7 1.7) (drill 1) (layers *.Cu *.Mask)
      (net 6 +5V))
    (pad 5 thru_hole oval (at 0 5.08 90) (size 1.7 1.7) (drill 1) (layers *.Cu *.Mask)
      (net 8 "Net-(J1-Pad5)"))
    (pad 6 thru_hole oval (at 2.54 5.08 90) (size 1.7 1.7) (drill 1) (layers *.Cu *.Mask)
      (net 1 GND))
    (pad 7 thru_hole oval (at 0 7.62 90) (size 1.7 1.7) (drill 1) (layers *.Cu *.Mask)
      (net 9 "Net-(J1-Pad7)"))
    (pad 8 thru_hole oval (at 2.54 7.62 90) (size 1.7 1.7) (drill 1) (layers *.Cu *.Mask)
      (net 10 /UART_TX_WHT))
    (pad 9 thru_hole oval (at 0 10.16 90) (size 1.7 1.7) (drill 1) (layers *.Cu *.Mask)
      (net 1 GND))
    (pad 10 thru_hole oval (at 2.54 10.16 90) (size 1.7 1.7) (drill 1) (layers *.Cu *.Mask)
      (net 11 /UART_RX_GRN))
    (pad 11 thru_hole oval (at 0 12.7 90) (size 1.7 1.7) (drill 1) (layers *.Cu *.Mask)
      (net 12 /Fan_On))
    (pad 12 thru_hole oval (at 2.54 12.7 90) (size 1.7 1.7) (drill 1) (layers *.Cu *.Mask)
      (net 13 /PWM0))
    (pad 13 thru_hole oval (at 0 15.24 90) (size 1.7 1.7) (drill 1) (layers *.Cu *.Mask)
      (net 16 /Temp_D))
    (pad 14 thru_hole oval (at 2.54 15.24 90) (size 1.7 1.7) (drill 1) (layers *.Cu *.Mask)
      (net 1 GND))
    (pad 15 thru_hole oval (at 0 17.78 90) (size 1.7 1.7) (drill 1) (layers *.Cu *.Mask)
      (net 15 /Smoke_D))
    (pad 16 thru_hole oval (at 2.54 17.78 90) (size 1.7 1.7) (drill 1) (layers *.Cu *.Mask)
      (net 14 /Alarm_PWM))
    (pad 17 thru_hole oval (at 0 20.32 90) (size 1.7 1.7) (drill 1) (layers *.Cu *.Mask)
      (net 17 "Net-(J1-Pad17)"))
    (pad 18 thru_hole oval (at 2.54 20.32 90) (size 1.7 1.7) (drill 1) (layers *.Cu *.Mask)
      (net 18 /LEDs))
    (pad 19 thru_hole oval (at 0 22.86 90) (size 1.7 1.7) (drill 1) (layers *.Cu *.Mask)
      (net 19 "Net-(J1-Pad19)"))
    (pad 20 thru_hole oval (at 2.54 22.86 90) (size 1.7 1.7) (drill 1) (layers *.Cu *.Mask)
      (net 1 GND))
    (pad 21 thru_hole oval (at 0 25.4 90) (size 1.7 1.7) (drill 1) (layers *.Cu *.Mask)
      (net 20 "Net-(J1-Pad21)"))
    (pad 22 thru_hole oval (at 2.54 25.4 90) (size 1.7 1.7) (drill 1) (layers *.Cu *.Mask)
      (net 21 "Net-(J1-Pad22)"))
    (pad 23 thru_hole oval (at 0 27.94 90) (size 1.7 1.7) (drill 1) (layers *.Cu *.Mask)
      (net 22 "Net-(J1-Pad23)"))
    (pad 24 thru_hole oval (at 2.54 27.94 90) (size 1.7 1.7) (drill 1) (layers *.Cu *.Mask)
      (net 23 "Net-(J1-Pad24)"))
    (pad 25 thru_hole oval (at 0 30.48 90) (size 1.7 1.7) (drill 1) (layers *.Cu *.Mask)
      (net 24 "Net-(J1-Pad25)"))
    (pad 26 thru_hole oval (at 2.54 30.48 90) (size 1.7 1.7) (drill 1) (layers *.Cu *.Mask)
      (net 25 "Net-(J1-Pad26)"))
    (pad 27 thru_hole oval (at 0 33.02 90) (size 1.7 1.7) (drill 1) (layers *.Cu *.Mask)
      (net 26 "Net-(J1-Pad27)"))
    (pad 28 thru_hole oval (at 2.54 33.02 90) (size 1.7 1.7) (drill 1) (layers *.Cu *.Mask)
      (net 27 "Net-(J1-Pad28)"))
    (pad 29 thru_hole oval (at 0 35.56 90) (size 1.7 1.7) (drill 1) (layers *.Cu *.Mask)
      (net 28 "Net-(J1-Pad29)"))
    (pad 30 thru_hole oval (at 2.54 35.56 90) (size 1.7 1.7) (drill 1) (layers *.Cu *.Mask)
      (net 29 "Net-(J1-Pad30)"))
    (pad 31 thru_hole oval (at 0 38.1 90) (size 1.7 1.7) (drill 1) (layers *.Cu *.Mask)
      (net 30 "Net-(J1-Pad31)"))
    (pad 32 thru_hole oval (at 2.54 38.1 90) (size 1.7 1.7) (drill 1) (layers *.Cu *.Mask)
      (net 31 "Net-(J1-Pad32)"))
    (pad 33 thru_hole oval (at 0 40.64 90) (size 1.7 1.7) (drill 1) (layers *.Cu *.Mask)
      (net 32 "Net-(J1-Pad33)"))
    (pad 34 thru_hole oval (at 2.54 40.64 90) (size 1.7 1.7) (drill 1) (layers *.Cu *.Mask)
      (net 33 "Net-(J1-Pad34)"))
    (pad 35 thru_hole oval (at 0 43.18 90) (size 1.7 1.7) (drill 1) (layers *.Cu *.Mask)
      (net 34 "Net-(J1-Pad35)"))
    (pad 36 thru_hole oval (at 2.54 43.18 90) (size 1.7 1.7) (drill 1) (layers *.Cu *.Mask)
      (net 35 "Net-(J1-Pad36)"))
    (pad 37 thru_hole oval (at 0 45.72 90) (size 1.7 1.7) (drill 1) (layers *.Cu *.Mask)
      (net 36 "Net-(J1-Pad37)"))
    (pad 38 thru_hole oval (at 2.54 45.72 90) (size 1.7 1.7) (drill 1) (layers *.Cu *.Mask)
      (net 37 "Net-(J1-Pad38)"))
    (pad 39 thru_hole oval (at 0 48.26 90) (size 1.7 1.7) (drill 1) (layers *.Cu *.Mask)
      (net 38 "Net-(J1-Pad39)"))
    (pad 40 thru_hole oval (at 2.54 48.26 90) (size 1.7 1.7) (drill 1) (layers *.Cu *.Mask)
      (net 39 "Net-(J1-Pad40)"))
    (model ${KISYS3DMOD}/Connector_PinSocket_2.54mm.3dshapes/PinSocket_2x20_P2.54mm_Vertical.step
      (offset (xyz 0 0 -1.6))
      (scale (xyz 1 1 1))
      (rotate (xyz 0 180 0))
    )
  )

  (module Connector_PinHeader_2.54mm:PinHeader_1x04_P2.54mm_Horizontal (layer F.Cu) (tedit 59FED5CB) (tstamp 5D68D2C1)
    (at 78.5368 75.946 90)
    (descr "Through hole angled pin header, 1x04, 2.54mm pitch, 6mm pin length, single row")
    (tags "Through hole angled pin header THT 1x04 2.54mm single row")
    (path /5D5E1DD4)
    (fp_text reference J2 (at 4.385 -2.27 90) (layer F.SilkS)
      (effects (font (size 1 1) (thickness 0.15)))
    )
    (fp_text value Smoke_Sensor (at 4.385 9.89 90) (layer F.Fab)
      (effects (font (size 1 1) (thickness 0.15)))
    )
    (fp_line (start 2.135 -1.27) (end 4.04 -1.27) (layer F.Fab) (width 0.1))
    (fp_line (start 4.04 -1.27) (end 4.04 8.89) (layer F.Fab) (width 0.1))
    (fp_line (start 4.04 8.89) (end 1.5 8.89) (layer F.Fab) (width 0.1))
    (fp_line (start 1.5 8.89) (end 1.5 -0.635) (layer F.Fab) (width 0.1))
    (fp_line (start 1.5 -0.635) (end 2.135 -1.27) (layer F.Fab) (width 0.1))
    (fp_line (start -0.32 -0.32) (end 1.5 -0.32) (layer F.Fab) (width 0.1))
    (fp_line (start -0.32 -0.32) (end -0.32 0.32) (layer F.Fab) (width 0.1))
    (fp_line (start -0.32 0.32) (end 1.5 0.32) (layer F.Fab) (width 0.1))
    (fp_line (start 4.04 -0.32) (end 10.04 -0.32) (layer F.Fab) (width 0.1))
    (fp_line (start 10.04 -0.32) (end 10.04 0.32) (layer F.Fab) (width 0.1))
    (fp_line (start 4.04 0.32) (end 10.04 0.32) (layer F.Fab) (width 0.1))
    (fp_line (start -0.32 2.22) (end 1.5 2.22) (layer F.Fab) (width 0.1))
    (fp_line (start -0.32 2.22) (end -0.32 2.86) (layer F.Fab) (width 0.1))
    (fp_line (start -0.32 2.86) (end 1.5 2.86) (layer F.Fab) (width 0.1))
    (fp_line (start 4.04 2.22) (end 10.04 2.22) (layer F.Fab) (width 0.1))
    (fp_line (start 10.04 2.22) (end 10.04 2.86) (layer F.Fab) (width 0.1))
    (fp_line (start 4.04 2.86) (end 10.04 2.86) (layer F.Fab) (width 0.1))
    (fp_line (start -0.32 4.76) (end 1.5 4.76) (layer F.Fab) (width 0.1))
    (fp_line (start -0.32 4.76) (end -0.32 5.4) (layer F.Fab) (width 0.1))
    (fp_line (start -0.32 5.4) (end 1.5 5.4) (layer F.Fab) (width 0.1))
    (fp_line (start 4.04 4.76) (end 10.04 4.76) (layer F.Fab) (width 0.1))
    (fp_line (start 10.04 4.76) (end 10.04 5.4) (layer F.Fab) (width 0.1))
    (fp_line (start 4.04 5.4) (end 10.04 5.4) (layer F.Fab) (width 0.1))
    (fp_line (start -0.32 7.3) (end 1.5 7.3) (layer F.Fab) (width 0.1))
    (fp_line (start -0.32 7.3) (end -0.32 7.94) (layer F.Fab) (width 0.1))
    (fp_line (start -0.32 7.94) (end 1.5 7.94) (layer F.Fab) (width 0.1))
    (fp_line (start 4.04 7.3) (end 10.04 7.3) (layer F.Fab) (width 0.1))
    (fp_line (start 10.04 7.3) (end 10.04 7.94) (layer F.Fab) (width 0.1))
    (fp_line (start 4.04 7.94) (end 10.04 7.94) (layer F.Fab) (width 0.1))
    (fp_line (start 1.44 -1.33) (end 1.44 8.95) (layer F.SilkS) (width 0.12))
    (fp_line (start 1.44 8.95) (end 4.1 8.95) (layer F.SilkS) (width 0.12))
    (fp_line (start 4.1 8.95) (end 4.1 -1.33) (layer F.SilkS) (width 0.12))
    (fp_line (start 4.1 -1.33) (end 1.44 -1.33) (layer F.SilkS) (width 0.12))
    (fp_line (start 4.1 -0.38) (end 10.1 -0.38) (layer F.SilkS) (width 0.12))
    (fp_line (start 10.1 -0.38) (end 10.1 0.38) (layer F.SilkS) (width 0.12))
    (fp_line (start 10.1 0.38) (end 4.1 0.38) (layer F.SilkS) (width 0.12))
    (fp_line (start 4.1 -0.32) (end 10.1 -0.32) (layer F.SilkS) (width 0.12))
    (fp_line (start 4.1 -0.2) (end 10.1 -0.2) (layer F.SilkS) (width 0.12))
    (fp_line (start 4.1 -0.08) (end 10.1 -0.08) (layer F.SilkS) (width 0.12))
    (fp_line (start 4.1 0.04) (end 10.1 0.04) (layer F.SilkS) (width 0.12))
    (fp_line (start 4.1 0.16) (end 10.1 0.16) (layer F.SilkS) (width 0.12))
    (fp_line (start 4.1 0.28) (end 10.1 0.28) (layer F.SilkS) (width 0.12))
    (fp_line (start 1.11 -0.38) (end 1.44 -0.38) (layer F.SilkS) (width 0.12))
    (fp_line (start 1.11 0.38) (end 1.44 0.38) (layer F.SilkS) (width 0.12))
    (fp_line (start 1.44 1.27) (end 4.1 1.27) (layer F.SilkS) (width 0.12))
    (fp_line (start 4.1 2.16) (end 10.1 2.16) (layer F.SilkS) (width 0.12))
    (fp_line (start 10.1 2.16) (end 10.1 2.92) (layer F.SilkS) (width 0.12))
    (fp_line (start 10.1 2.92) (end 4.1 2.92) (layer F.SilkS) (width 0.12))
    (fp_line (start 1.042929 2.16) (end 1.44 2.16) (layer F.SilkS) (width 0.12))
    (fp_line (start 1.042929 2.92) (end 1.44 2.92) (layer F.SilkS) (width 0.12))
    (fp_line (start 1.44 3.81) (end 4.1 3.81) (layer F.SilkS) (width 0.12))
    (fp_line (start 4.1 4.7) (end 10.1 4.7) (layer F.SilkS) (width 0.12))
    (fp_line (start 10.1 4.7) (end 10.1 5.46) (layer F.SilkS) (width 0.12))
    (fp_line (start 10.1 5.46) (end 4.1 5.46) (layer F.SilkS) (width 0.12))
    (fp_line (start 1.042929 4.7) (end 1.44 4.7) (layer F.SilkS) (width 0.12))
    (fp_line (start 1.042929 5.46) (end 1.44 5.46) (layer F.SilkS) (width 0.12))
